


spring.jackson.serialization.WRITE_DATES_AS_TIMESTAMPS = false
temperature.filename=temperatures.json
battery.filename=battery.json
gravity.filename=gravity.json
gravity.calc.degree3.1=0.8829738953763338
gravity.calc.degree3.2=0.006232944160223315
gravity.calc.degree3.3=0.00009307076837167256
gravity.calc.degree3.4=6.366267580822437e-7
gravity.calc.temp.num0 = 1.00130346
gravity.calc.temp.num1 = 0.000134722124
gravity.calc.temp.num2 = 0.00000204052596
gravity.calc.temp.num3 = 0.00000000232820948